# Generated by conda-lock.
# platform: linux-64
# input_hash: 6e94c1a8999f20b312f203f14422a2d2658f31ff5cc7c3eb81b477d6ff8aca9b

dependencies:
  - _openmp_mutex=4.5=6_kmp_llvm
  - annotated-types=0.7.0=pyhd8ed1ab_1
  - bzip2=1.0.8=hda65f42_8
  - c-ares=1.34.5=hb9d3cd8_0
  - ca-certificates=2025.11.12=hbd8a1cb_0
  - cached-property=1.5.2=hd8ed1ab_1
  - cached_property=1.5.2=pyha770c72_1
  - chardet=5.2.0=pyhd8ed1ab_3
  - colorama=0.4.6=pyhd8ed1ab_1
  - et_xmlfile=2.0.0=pyhd8ed1ab_1
  - freetype=2.14.1=ha770c72_0
  - geoh5py=0.12.0b5=pyh4616a5c_0
  - h5py=3.15.1=nompi_py312ha4f8f14_100
  - hdf5=1.14.6=nompi_h6e4c0c1_103
  - icu=75.1=he02047a_0
  - keyutils=1.6.3=hb9d3cd8_0
  - krb5=1.21.3=h659f571_0
  - las-geoh5=0.3.2b2=pyh4616a5c_1
  - lasio=0.31=pyhd8ed1ab_0
  - lcms2=2.17=h717163a_0
  - ld_impl_linux-64=2.45=h1aa0949_0
  - lerc=4.0.0=h0aef613_1
  - libaec=1.1.4=h3f801dc_0
  - libblas=3.11.0=1_h5875eb1_mkl
  - libcblas=3.11.0=1_hfef963f_mkl
  - libcurl=8.17.0=h4e3cde8_0
  - libdeflate=1.25=h17f619e_0
  - libedit=3.1.20250104=pl5321h7949ede_0
  - libev=4.33=hd590300_2
  - libexpat=2.7.3=hecca717_0
  - libffi=3.5.2=h9ec8514_0
  - libfreetype=2.14.1=ha770c72_0
  - libfreetype6=2.14.1=h73754d4_0
  - libgcc=15.2.0=h767d61c_7
  - libgcc-ng=15.2.0=h69a702a_7
  - libgfortran=15.2.0=h69a702a_7
  - libgfortran5=15.2.0=hcd61629_7
  - libhwloc=2.12.1=default_h7f8ec31_1002
  - libiconv=1.18=h3b78370_2
  - libjpeg-turbo=3.1.2=hb03c661_0
  - liblapack=3.11.0=1_h5e43f62_mkl
  - liblzma=5.8.1=hb9d3cd8_2
  - libnghttp2=1.67.0=had1ee68_0
  - libnsl=2.0.1=hb9d3cd8_1
  - libpng=1.6.50=h421ea60_1
  - libsqlite=3.51.0=hee844dc_0
  - libssh2=1.11.1=hcf80075_0
  - libstdcxx=15.2.0=h8f9b012_7
  - libstdcxx-ng=15.2.0=h4852527_7
  - libtiff=4.7.1=h9d88235_1
  - libuuid=2.41.2=he9a06e4_0
  - libwebp-base=1.6.0=hd42ef1d_0
  - libxcb=1.17.0=h8a09558_0
  - libxcrypt=4.4.36=hd590300_1
  - libxml2=2.15.1=h26afc86_0
  - libxml2-16=2.15.1=ha9997c6_0
  - libzlib=1.3.1=hb9d3cd8_2
  - llvm-openmp=21.1.6=h4922eb0_0
  - mira-omf=3.3.2b2=pyh4616a5c_1
  - mkl=2025.3.0=h0e700b2_462
  - ncurses=6.5=h2d0b736_3
  - numpy=1.26.4=py312heda63a1_0
  - openjpeg=2.5.4=h55fea9a_0
  - openpyxl=3.1.5=py312h7f6eeab_2
  - openssl=3.6.0=h26f9b46_0
  - pandas=2.3.3=py312hf79963d_1
  - pillow=10.3.0=py312h287a98d_1
  - pip=25.3=pyh8b19718_0
  - properties=0.6.1=py_0
  - pthread-stubs=0.4=hb9d3cd8_1002
  - pydantic=2.12.4=pyh3cfb1c2_0
  - pydantic-core=2.41.5=py312h868fb18_1
  - pypng=0.20220715.0=pyhd8ed1ab_1
  - python=3.12.12=hd63d673_1_cpython
  - python-dateutil=2.9.0.post0=pyhe01879c_2
  - python-tzdata=2025.2=pyhd8ed1ab_0
  - python_abi=3.12=8_cp312
  - pytz=2025.2=pyhd8ed1ab_0
  - readline=8.2=h8c095d6_2
  - setuptools=80.9.0=pyhff2d567_0
  - six=1.17.0=pyhe01879c_1
  - tbb=2022.3.0=h8d10470_1
  - tk=8.6.13=noxft_ha0e22de_103
  - tqdm=4.67.1=pyhd8ed1ab_1
  - typing-extensions=4.15.0=h396c80c_0
  - typing-inspection=0.4.2=pyhd8ed1ab_0
  - typing_extensions=4.15.0=pyhcf101f3_0
  - tzdata=2025b=h78e105d_0
  - vectormath=0.2.2=py_0
  - wheel=0.45.1=pyhd8ed1ab_1
  - xorg-libxau=1.0.12=hb03c661_1
  - xorg-libxdmcp=1.1.5=hb03c661_1
  - zstd=1.5.7=hb8e6e7a_2

variables:
  KMP_WARNINGS: 0
